
BEST PARAMETER for xgboost 
'colsample_bylevel': 0.2345176467982068, 'colsample_bynode': 0.46972726078449745, 'colsample_bytree': 0.10358440774998931, 'gamma': 0.587, 'learning_rate': 0.014492231868692583, 'max_depth': 19, 'min_child_weight': 6.0, 'subsample': 0.7888856929622814


Random forest best parameters:
maxBins = 39
maxDepth = 14
numTrees = 175
subSamplingRate = 1.0

'maxBins': 42.0, 'maxDepth': 2.0, 'numTrees': 45.0, 'subsamplingRate': 0.9